0.245945 1.02902 8.02887 0.500016 0.214474 0.0289653 0.0206218 0.000503773 0.00943761 spatula
0.604859 1.51775 22.3037 0.194738 0.00773438 0.00134471 0.000420543 3.1473e-07 3.64458e-05 paddle
0.587082 2.5461 41.3596 0.43687 0.139075 0.0143865 0.00841036 9.25111e-05 0.00313412 shovel
0.344705 3.11304 229.84 0.812963 0.590734 0.0196526 0.00224271 -1.45218e-05 -0.0017041 wrench
0.601799 1.55363 17.6737 0.192036 0.00599291 0.001707 0.000421305 3.56994e-07 3.24827e-05 paddle
0.352151 1.31461 172.936 0.433388 0.138581 0.0102836 0.00602524 4.7397e-05 0.002235 shovel
0.848329 1.51174 38.9808 0.178377 0.00544864 5.58577e-05 2.78623e-06 -2.80386e-11 -1.80214e-07 sander
0.607699 1.38816 14.482 0.191439 0.00586239 0.00164207 0.000381075 3.01288e-07 2.91245e-05 paddle
0.829642 1.54667 41.7396 0.184709 0.0076042 1.55078e-05 1.92333e-06 1.0503e-11 1.66735e-07 sander
0.586634 1.04908 70.8792 0.179905 0.00610857 8.96867e-05 4.56684e-06 -3.89792e-11 -1.83638e-07 sander
0.765705 0.908046 34.9734 0.160573 0.000288238 4.29952e-05 2.41292e-07 7.17803e-13 3.74133e-09 donut
0.52663 1.14362 10.9591 0.212812 0.0119493 0.00313252 0.000847917 1.38153e-06 9.26385e-05 paddle
0.315248 2.04422 43.5863 0.48507 0.199643 0.0333312 0.024091 0.000682522 0.0106774 spatula
0.601307 4.11111 10.978 0.492575 0.207474 0.0323288 0.0235115 0.000648085 0.0106247 spatula
0.199201 1.24889 173.114 0.748489 0.498696 0.0121105 0.00136904 -5.56869e-06 -0.000906019 wrench
0.768437 1.22124 28.1457 0.163695 0.00125957 6.15367e-05 9.35214e-07 7.08932e-12 3.31777e-08 donut
0.655787 1.3253 22.5905 0.178488 0.0056175 2.90438e-05 1.42464e-06 -6.93226e-12 -9.88239e-08 sander
0.287767 1.448 9.33016 0.475031 0.190509 0.0257313 0.017909 0.000384266 0.00773258 spatula
0.773937 1.19375 76.2129 0.163636 0.00124548 5.8454e-05 8.44785e-07 5.86179e-12 2.94832e-08 donut
0.759488 0.887805 68.538 0.163497 0.00127834 1.88175e-05 2.63739e-07 4.60329e-13 7.777e-09 donut
0.246628 0.620536 34.9871 0.654729 0.400517 0.00318047 0.00262784 7.59692e-06 0.00166228 pen
0.678291 0.789474 40.9778 0.176367 0.00488819 9.23755e-05 4.33317e-06 -2.55906e-11 -9.59724e-08 sander
0.753783 0.945652 24.4608 0.162837 0.00103749 3.87448e-05 4.58122e-07 1.92382e-12 1.47543e-08 donut
0.53966 0.829885 12.974 0.205421 0.0108995 0.00201081 0.000698523 8.24886e-07 7.1791e-05 paddle
0.364923 1.58228 15.5957 0.427693 0.131851 0.0143714 0.0082386 8.96418e-05 0.00299152 shovel
0.180321 0.938824 62.9143 0.635018 0.173197 0.293135 0.0921161 0.0151369 0.0383359 tbar
0.203673 1.2719 40.1636 0.61639 0.166069 0.275345 0.092239 0.0146923 0.0375693 tbar
0.780228 0.844037 101.635 0.163364 0.00123807 1.84305e-05 2.63816e-07 3.19858e-13 5.50821e-09 donut
0.412363 2.50472 14.3163 0.508389 0.22328 0.0274344 0.0196643 0.000456532 0.00918429 spatula
0.240589 0.644495 20.2232 0.621303 0.192483 0.237933 0.0802417 0.011087 0.035204 tbar
0.353694 2.67227 208.766 0.645254 0.388481 0.00153388 0.00123387 1.69721e-06 0.00076325 pen
0.185705 1.34703 419.873 0.833952 0.628931 0.0165399 0.00189726 -1.02587e-05 -0.00149675 wrench
0.219109 0.832215 11.7558 0.648788 0.392766 0.00305142 0.00249506 6.88437e-06 0.00156221 pen
0.241076 1.65769 13.2234 0.627257 0.195646 0.247119 0.0823005 0.0117355 0.0363963 tbar
0.235608 0.836 25.029 0.604357 0.337094 0.00398989 0.00320894 1.14821e-05 0.00186295 pen
0.226057 1.54514 20.1054 0.614623 0.154842 0.293421 0.0993553 0.0169557 0.0390785 tbar
0.47842 3.29524 31.4649 0.651059 0.372797 0.00515999 0.00164442 3.92977e-06 0.000113245 wrench
0.656904 1.2253 81.1783 0.181862 0.00676526 0.000192815 9.25386e-06 -3.82468e-10 -7.46444e-07 sander
0.789008 1.21528 111.55 0.163465 0.00126395 2.4287e-05 3.36904e-07 7.39855e-13 9.56113e-09 donut
0.226359 1.55484 12.8832 0.649196 0.19545 0.320548 0.114899 0.0220036 0.0505382 tbar
0.174732 1.43083 19.0787 0.921892 0.760246 0.0560772 0.0123634 0.000179553 0.00405867 wrench
0.179034 0.690751 15.5578 0.895234 0.72066 0.0388476 0.00711622 3.55527e-05 0.000967211 wrench
0.353659 2.52174 225.809 0.619965 0.356501 0.00140142 0.00113197 1.42565e-06 0.000674247 pen
0.530733 0.445714 18.1414 0.413861 0.11835 0.0188234 0.0105319 0.00014827 0.00362314 shovel
0.710019 0.722741 38.0503 0.179862 0.0060624 5.32067e-05 3.21103e-06 9.54758e-12 2.16908e-08 sander
0.620994 1.75163 14.4492 0.200136 0.00915098 0.00182785 0.000588879 6.08759e-07 5.58456e-05 paddle
0.869718 1.52688 38.7041 0.179733 0.00604478 1.67635e-05 9.80159e-07 -7.51496e-13 -4.61809e-08 sander
0.184282 1.22689 10.2848 0.656364 0.211974 0.303457 0.107785 0.01948 0.0495548 tbar
0.36417 2.31884 24.7502 0.508604 0.223003 0.0335885 0.024719 0.000712185 0.0116449 spatula
0.376963 1.53629 138.814 0.420316 0.125285 0.0144522 0.00821261 8.94671e-05 0.00290689 shovel
0.492695 1.28052 34.5653 0.220348 0.0142533 0.00421472 0.00158264 4.08132e-06 0.000187877 paddle
0.715753 0.174658 32.6844 0.624287 0.361537 0.00383262 0.00309963 1.06835e-05 0.00186371 pen
0.468898 1.9631 24.9179 0.419908 0.123739 0.0131966 0.00715925 6.95682e-05 0.00251828 shovel
0.382933 2.84795 221.298 0.619296 0.355605 0.00133522 0.00101647 1.18359e-06 0.000594073 pen
0.751882 1.12048 33.8846 0.16266 0.000889872 6.84064e-05 7.87046e-07 5.73948e-12 2.344e-08 donut
0.583764 2.63776 17.5812 0.458548 0.15605 0.0202465 0.0122974 0.000194039 0.00485463 shovel
0.354474 0.67581 11.9005 0.420611 0.123336 0.0216915 0.0123771 0.0002028 0.00434534 shovel
0.256495 1.36296 188.689 0.538704 0.255131 0.0219443 0.0157713 0.000293268 0.00788169 spatula
0.366064 3.76 35.8349 0.941657 0.804907 0.0324544 0.00384146 -3.44497e-05 -0.00246886 wrench
0.596597 3.87578 12.0251 0.502835 0.217308 0.0325902 0.0238316 0.000664059 0.0110706 spatula
0.607985 0.717672 13.718 0.189191 0.00515749 0.00154362 0.00034051 2.46734e-07 2.4414e-05 paddle
0.227845 1.58478 23.6875 0.634196 0.176101 0.312965 0.110291 0.0204681 0.0461904 tbar
0.381886 0.299419 27.4741 0.816569 0.593557 0.0321848 0.00697965 5.61458e-05 0.00206298 wrench
0.330057 2.59028 32.3697 0.639053 0.38024 0.00376848 0.00305081 1.03436e-05 0.00187416 pen
